Number of lights: 1
Type: Point
Position: -0.43333333333333335 -0.66666666666666663 1
Direction: -1 -1 1
Color: 1 1 1
Intensity: 0.95999999999999996
